================================================================================
Retargeting Benchmark 汇总
================================================================================

── shadow_hand (config/shadow_hand.yaml) ──
    帧号        Loss     迭代      耗时(ms)
----------------------------------------
    40          0.0963     17         9.4
    80         0.1501     27        19.0
   215          0.0985     20        10.7
   304         0.1299     34        17.6
   417          0.0989     13         7.3
   582          0.0328     21        11.6
   642         0.1210     35        18.5
----------------------------------------
    平均         0.1039   23.9        13.4
    最大         0.1501     35        19.0
    最小          0.0328     13         7.3

── wuji_hand (config/wuji_hand.yaml) ──
    帧号        Loss     迭代      耗时(ms)
----------------------------------------
    40         0.1041     17         9.1
    80          0.0985     30        17.4
   215         0.1202     29        15.0
   304         0.1021     28        23.9
   417          0.0990     25        12.8
   582          0.0389     29        16.5
   642          0.0513     34        16.9
----------------------------------------
    平均          0.0877   27.4        15.9
    最大         0.1202     34        23.9
    最小          0.0389     17         9.1

── allegro_hand (config/allegro_hand.yaml) ──
    帧号        Loss     迭代      耗时(ms)
----------------------------------------
    40         0.6329     13        10.1
    80         0.3499     38        15.9
   215         0.6109     19         8.3
   304         0.6399     36        16.0
   417         0.6053     16         7.2
   582         0.5784     13         6.2
   642         0.5136     18        10.3
----------------------------------------
    平均         0.5616   21.9        10.6
    最大         0.6399     38        16.0
    最小         0.3499     13         6.2

── inspire_hand (config/inspire_hand.yaml) ──
    帧号        Loss     迭代      耗时(ms)
----------------------------------------
    40         0.3405     13         9.8
    80         0.4951      9        10.2
   215         0.4067     22        11.2
   304         0.3774     13         7.2
   417         0.3826     13        13.8
   582         0.3219     13        11.9
   642         0.3278     17         8.8
----------------------------------------
    平均         0.3789   14.3        10.4
    最大         0.4951     22        13.8
    最小         0.3219      9         7.2

── ability_hand (config/ability_hand.yaml) ──
    帧号        Loss     迭代      耗时(ms)
----------------------------------------
    40         0.3538     17        10.5
    80         0.3552     13        10.1
   215         0.3426     17        13.7
   304         0.3461     25        12.6
   417         0.3520     13         7.6
   582         0.2970     19        16.3
   642         0.2739     12         6.9
----------------------------------------
    平均         0.3315   16.6        11.1
    最大         0.3552     25        16.3
    最小         0.2739     12         6.9

── leap_hand (config/leap_hand.yaml) ──
    帧号        Loss     迭代      耗时(ms)
----------------------------------------
    40         0.1963     24        11.4
    80         0.1955     42        17.0
   215         0.1695     29        11.8
   304         0.1823     37        15.5
   417         0.1987     23        13.3
   582         0.1384     17         7.5
   642         0.1634     23        13.2
----------------------------------------
    平均         0.1777   27.9        12.8
    最大         0.1987     42        17.0
    最小         0.1384     17         7.5

── svh_hand (config/svh_hand.yaml) ──
    帧号        Loss     迭代      耗时(ms)
----------------------------------------
    40         0.2160     24        12.7
    80         0.4181     17        16.3
   215         0.2444     17         9.4
   304         0.2410     21        11.7
   417         0.2495     21        11.4
   582         0.2084     20        10.6
   642         0.2988     20        10.9
----------------------------------------
    平均         0.2680   20.0        11.9
    最大         0.4181     24        16.3
    最小         0.2084     17         9.4

── linkerhand_l21 (config/linkerhand_l21.yaml) ──
    帧号        Loss     迭代      耗时(ms)
----------------------------------------
    40          0.0918     32        17.8
    80         0.3524     22        13.2
   215         0.1502     31        17.2
   304         0.1780     27        19.5
   417         0.1565     17        10.1
   582         0.1055     34        19.6
   642         0.1955     24        14.2
----------------------------------------
    平均         0.1757   26.7        15.9
    最大         0.3524     34        19.6
    最小          0.0918     17        10.1

── rohand (config/rohand.yaml) ──
    帧号        Loss     迭代      耗时(ms)
----------------------------------------
    40         0.6778     10         6.1
    80         0.4949     27        14.9
   215         0.6741     13         7.4
   304         0.6592      9         6.1
   417         0.6809      7         4.6
   582         0.6531     11         7.0
   642         0.4818      7         4.6
----------------------------------------
    平均         0.6174   12.0         7.2
    最大         0.6809     27        14.9
    最小         0.4818      7         4.6

── unitree_dex5_hand (config/unitree_dex5_hand.yaml) ──
    帧号        Loss     迭代      耗时(ms)
----------------------------------------
    40         0.6212     16        11.4
    80         0.5028     11         6.5
   215         0.5818     11         6.5
   304         0.5249     17        11.7
   417         0.5618     13         8.0
   582         0.5292     16         9.4
   642         0.4800     13         8.0
----------------------------------------
    平均         0.5431   13.9         8.8
    最大         0.6212     17        11.7
    最小         0.4800     11         6.5